0 0.333816 0.486021 0.042555 0.046042
0 0.322051 0.417250 0.041477 0.034167
0 0.913605 0.577306 0.082945 0.086500
0 0.251699 0.551090 0.041086 0.049458
0 0.292254 0.506646 0.039008 0.062097
0 0.389582 0.633861 0.085523 0.195639
0 0.328020 0.541375 0.038570 0.062972
0 0.508844 0.566375 0.054641 0.063167
0 0.897281 0.460250 0.070922 0.064389
0 0.301063 0.596229 0.042797 0.074347
0 0.544289 0.733528 0.073797 0.110306
0 0.748547 0.577972 0.070609 0.064361
0 0.737738 0.492535 0.051555 0.051847
0 0.293238 0.778486 0.072430 0.150000
0 0.432309 0.567576 0.034555 0.079236
0 0.432766 0.508563 0.051844 0.067903
0 0.372738 0.475417 0.042742 0.053361
0 0.401828 0.416472 0.037047 0.045111
0 0.289711 0.437208 0.041141 0.039667
0 0.260988 0.453764 0.036398 0.035083
0 0.260328 0.483785 0.035969 0.042097
0 0.738738 0.795778 0.131492 0.186139
0 0.259672 0.408153 0.032891 0.034306
0 0.212961 0.403889 0.025438 0.031944
0 0.192566 0.387875 0.020617 0.031194
