0 0.230195 0.470674 0.035078 0.029681
0 0.236469 0.442993 0.035391 0.028181
0 0.268793 0.438014 0.035961 0.028861
0 0.275375 0.463431 0.039469 0.031972
0 0.324277 0.445104 0.042539 0.051458
0 0.373770 0.439597 0.035633 0.033694
0 0.329672 0.538042 0.045187 0.065806
0 0.385973 0.482181 0.041695 0.043806
0 0.378156 0.514236 0.047906 0.060694
0 0.462500 0.517639 0.058125 0.072222
0 0.545203 0.581264 0.059781 0.083306
0 0.990824 0.642319 0.018023 0.057972
0 0.438078 0.582187 0.048578 0.062819
0 0.623305 0.679708 0.078016 0.101861
0 0.292566 0.503799 0.040148 0.049764
0 0.552844 0.472118 0.052297 0.055625
0 0.262273 0.898542 0.121719 0.191667
0 0.778332 0.642958 0.087617 0.117111
0 0.842543 0.615944 0.072773 0.069472
0 0.616543 0.497646 0.051570 0.059653
0 0.736105 0.518403 0.052773 0.050639
0 0.700043 0.537701 0.057023 0.058625
0 0.476270 0.632667 0.059898 0.081889
0 0.409777 0.447000 0.029570 0.039083
0 0.515578 0.434542 0.045484 0.046500
0 0.465160 0.452715 0.038664 0.037097
0 0.661770 0.469431 0.051836 0.045278
0 0.268207 0.416514 0.020102 0.011083
0 0.300148 0.405319 0.028500 0.020917
0 0.256410 0.402382 0.025555 0.029125
0 0.228730 0.408201 0.023914 0.025625
0 0.176801 0.377910 0.069461 0.080375
0 0.191379 0.450722 0.023258 0.038444
0 0.285313 0.625569 0.061563 0.103528
