0 0.762918 0.409319 0.037430 0.050444
0 0.772852 0.652861 0.078312 0.090583
0 0.814422 0.519597 0.059906 0.057917
0 0.768801 0.568944 0.067367 0.067306
0 0.608117 0.889674 0.110719 0.182292
0 0.275813 0.707993 0.062688 0.101264
0 0.271941 0.832722 0.080508 0.161889
0 0.686523 0.742688 0.090188 0.116347
0 0.497332 0.481389 0.042758 0.038750
0 0.462691 0.949444 0.114289 0.095083
0 0.557453 0.461063 0.056031 0.045458
0 0.965617 0.707667 0.064375 0.065278
0 0.193516 0.398444 0.018125 0.020139
0 0.241934 0.409264 0.026055 0.025667
0 0.268437 0.408750 0.021406 0.023333
0 0.320051 0.405083 0.022742 0.020889
0 0.427676 0.438660 0.040117 0.036986
0 0.398988 0.446333 0.037555 0.036083
0 0.307867 0.471326 0.041141 0.038792
0 0.274801 0.488722 0.044836 0.035889
0 0.241172 0.534188 0.041438 0.054347
0 0.478949 0.612083 0.068617 0.096611
0 0.380469 0.615104 0.060469 0.092986
0 0.597996 0.460000 0.034633 0.039722
0 0.635223 0.555104 0.058961 0.056597
0 0.326355 0.422604 0.034852 0.024375
