0 0.575605 0.480167 0.052039 0.051056
0 0.482926 0.471910 0.041492 0.029542
0 0.386320 0.626479 0.060344 0.094069
0 0.456922 0.587201 0.055906 0.070347
0 0.276934 0.604681 0.046836 0.076667
0 0.785410 0.561993 0.099039 0.095264
0 0.850078 0.562396 0.061766 0.079153
0 0.718422 0.604090 0.064609 0.080347
0 0.169934 0.397389 0.015789 0.025722
0 0.260273 0.547708 0.046641 0.056250
0 0.266680 0.482618 0.047578 0.053236
0 0.346215 0.489937 0.050492 0.057375
0 0.453371 0.519667 0.053430 0.054278
0 0.375273 0.440361 0.034609 0.035444
0 0.409609 0.436069 0.030156 0.033139
0 0.432004 0.935347 0.146508 0.129306
0 0.819391 0.926576 0.174656 0.146847
0 0.780391 0.421806 0.050312 0.061944
0 0.251074 0.396604 0.023680 0.027292
0 0.528711 0.726479 0.068359 0.103097
0 0.213813 0.399729 0.027156 0.024181
0 0.183312 0.388417 0.020609 0.021833
0 0.585156 0.523118 0.049062 0.045514
0 0.484531 0.439583 0.035781 0.033333
0 0.306184 0.413299 0.020102 0.019597
0 0.613719 0.476444 0.036594 0.034639
