0 0.448832 0.464451 0.041727 0.045931
0 0.811191 0.676153 0.085023 0.082917
0 0.682719 0.721694 0.086203 0.128083
0 0.522504 0.693181 0.066523 0.116250
0 0.676910 0.580743 0.062211 0.066819
0 0.929129 0.608486 0.083602 0.075306
0 0.397578 0.657521 0.069687 0.137236
0 0.596523 0.529813 0.038641 0.048931
0 0.610254 0.474090 0.050336 0.051625
0 0.447281 0.573403 0.053781 0.065833
0 0.979398 0.580125 0.041125 0.071694
0 0.936516 0.692208 0.085641 0.076556
0 0.282738 0.782111 0.078508 0.169556
0 0.663152 0.476292 0.043758 0.030861
0 0.884074 0.959729 0.134508 0.068264
0 0.675898 0.960972 0.114453 0.078056
0 0.546008 0.584187 0.078109 0.101458
0 0.285465 0.634319 0.051633 0.073639
0 0.275621 0.587792 0.047195 0.051417
0 0.328398 0.550354 0.044141 0.064958
0 0.237883 0.523007 0.042859 0.053236
0 0.340930 0.494924 0.043453 0.055125
0 0.345867 0.468306 0.038281 0.025611
0 0.264602 0.450778 0.044625 0.037583
0 0.241703 0.469250 0.041688 0.037583
0 0.201387 0.475514 0.037664 0.051861
0 0.214328 0.435694 0.035391 0.034722
0 0.499348 0.481674 0.051086 0.053236
0 0.536629 0.436264 0.041102 0.035500
0 0.473805 0.425299 0.048141 0.053236
0 0.392707 0.447465 0.036398 0.036542
0 0.377375 0.411667 0.031125 0.023611
0 0.383574 0.430215 0.032383 0.023181
0 0.314746 0.418167 0.031086 0.028306
0 0.264102 0.414653 0.026391 0.027917
0 0.235008 0.401611 0.029703 0.033722
0 0.189410 0.396583 0.020102 0.021639
0 0.171711 0.393563 0.014719 0.025681
