0 0.231680 0.398750 0.017891 0.019444
0 0.189602 0.394514 0.023109 0.021806
0 0.562383 0.492757 0.043828 0.037431
0 0.196496 0.444236 0.021383 0.031806
0 0.180281 0.415764 0.015531 0.024306
0 0.307414 0.529340 0.047016 0.072653
0 0.985582 0.636264 0.028383 0.087583
0 0.853082 0.942514 0.107055 0.108250
0 0.273965 0.839493 0.085648 0.135764
0 0.874926 0.697778 0.079148 0.081972
0 0.507133 0.464465 0.040359 0.037986
0 0.423809 0.421687 0.037070 0.034153
0 0.382117 0.624201 0.050766 0.077236
0 0.239656 0.521167 0.040266 0.063167
0 0.567949 0.446361 0.040820 0.029500
0 0.596555 0.643549 0.078922 0.099153
0 0.830715 0.612056 0.071617 0.062139
0 0.632074 0.561507 0.052742 0.050625
0 0.333984 0.427167 0.031406 0.026833
0 0.663906 0.521965 0.052188 0.044931
0 0.192074 0.473285 0.017883 0.041764
0 0.434113 0.897410 0.103648 0.202097
0 0.295781 0.464882 0.043594 0.043292
0 0.345742 0.492153 0.043672 0.042361
0 0.342305 0.410632 0.026641 0.020153
0 0.253867 0.405625 0.024453 0.024028
