0 0.559059 0.775174 0.082117 0.124764
0 0.825617 0.553174 0.072453 0.071042
0 0.555629 0.460847 0.035242 0.038972
0 0.217598 0.926035 0.125383 0.145264
0 0.968867 0.720674 0.062266 0.097681
0 0.272750 0.407792 0.027219 0.029111
0 0.304379 0.403715 0.026867 0.023292
0 0.502848 0.649896 0.069930 0.107847
0 0.245195 0.468882 0.037844 0.045958
0 0.263184 0.546979 0.046195 0.068819
0 0.384648 0.484132 0.048734 0.053097
0 0.322820 0.420708 0.030953 0.032472
0 0.314305 0.478160 0.039641 0.038681
0 0.484785 0.456806 0.034180 0.035000
0 0.615621 0.503854 0.055008 0.050764
0 0.637906 0.484764 0.043141 0.036083
0 0.621555 0.455444 0.049703 0.038806
0 0.429613 0.944236 0.138055 0.111528
0 0.459297 0.467375 0.039844 0.043306
0 0.390809 0.429840 0.032711 0.020986
0 0.352063 0.437250 0.024984 0.021444
0 0.323359 0.523979 0.047531 0.074625
0 0.205430 0.395562 0.034141 0.027958
0 0.282715 0.652715 0.056102 0.099875
0 0.835090 0.689382 0.090305 0.084542
0 0.765852 0.602361 0.068687 0.075500
