0 0.595125 0.528715 0.048922 0.060597
0 0.244164 0.431938 0.038672 0.033069
0 0.286047 0.405833 0.030703 0.028306
0 0.201328 0.399764 0.022750 0.021556
0 0.176230 0.393222 0.022742 0.020889
0 0.447813 0.457743 0.046500 0.048264
0 0.626020 0.499549 0.052102 0.053181
0 0.491508 0.462472 0.038531 0.040222
0 0.532348 0.674667 0.070008 0.105194
0 0.499820 0.556868 0.065250 0.073042
0 0.839027 0.618604 0.091758 0.080875
0 0.252313 0.459882 0.037531 0.037736
0 0.722699 0.548438 0.064523 0.070153
0 0.290379 0.594861 0.080289 0.164722
0 0.352676 0.465382 0.047305 0.066292
0 0.342871 0.543014 0.040086 0.067778
0 0.440617 0.581764 0.052109 0.067083
0 0.971012 0.718757 0.057977 0.114125
0 0.835738 0.555069 0.094711 0.059861
0 0.514348 0.442069 0.055023 0.054500
0 0.432078 0.422424 0.038062 0.038792
0 0.365598 0.436285 0.039070 0.041736
0 0.385152 0.425458 0.021055 0.031194
0 0.249098 0.520611 0.049914 0.086639
0 0.326230 0.419778 0.031461 0.030333
