0 0.521508 0.653722 0.071312 0.110250
0 0.850840 0.694007 0.089523 0.083181
0 0.340656 0.542938 0.051359 0.061986
0 0.284801 0.690958 0.060633 0.132806
0 0.237391 0.521056 0.035969 0.063944
0 0.266340 0.484014 0.041227 0.044444
0 0.229277 0.455167 0.038164 0.050694
0 0.242902 0.411271 0.032945 0.030875
0 0.264699 0.397188 0.023789 0.023653
0 0.227465 0.386111 0.026898 0.031722
0 0.409402 0.675194 0.059086 0.113833
0 0.677176 0.959535 0.122523 0.080931
0 0.499961 0.549806 0.060531 0.076861
0 0.423715 0.544222 0.057383 0.076861
0 0.597262 0.462729 0.033336 0.037431
0 0.445879 0.462660 0.040602 0.036097
0 0.459074 0.446417 0.030445 0.036083
0 0.488758 0.438306 0.034000 0.046917
0 0.372262 0.407208 0.034648 0.032750
0 0.311074 0.402174 0.028945 0.028792
0 0.313867 0.424382 0.029781 0.022931
0 0.364699 0.434167 0.040148 0.041111
0 0.246949 0.907264 0.098727 0.153556
0 0.877773 0.645674 0.082687 0.071264
0 0.576258 0.483083 0.050875 0.052889
0 0.774734 0.870417 0.118641 0.148306
0 0.456187 0.604014 0.051344 0.077194
0 0.715336 0.513646 0.055375 0.059792
0 0.700340 0.598917 0.066695 0.071306
0 0.267227 0.587076 0.047422 0.076542
