0 0.258871 0.546056 0.041852 0.098833
0 0.682031 0.497563 0.052500 0.052875
0 0.800590 0.506889 0.063258 0.047667
0 0.778430 0.655236 0.084578 0.071583
0 0.332496 0.536979 0.043039 0.062375
0 0.301055 0.650069 0.051656 0.093056
0 0.424316 0.566549 0.052336 0.080403
0 0.650117 0.438653 0.133047 0.087583
0 0.564785 0.480646 0.051898 0.052153
0 0.567648 0.522437 0.055547 0.043486
0 0.261344 0.944104 0.104703 0.111792
0 0.468930 0.968993 0.110797 0.062014
0 0.624391 0.872049 0.124984 0.180264
0 0.372465 0.513479 0.045586 0.071264
0 0.275773 0.491201 0.039078 0.054069
0 0.321703 0.478542 0.042625 0.050528
0 0.506367 0.423507 0.105047 0.088403
0 0.821996 0.559021 0.068773 0.055764
0 0.390406 0.427264 0.025016 0.039083
0 0.345484 0.432312 0.027672 0.030319
0 0.363305 0.413778 0.027672 0.033694
0 0.302844 0.421535 0.025016 0.024931
0 0.283105 0.404556 0.027711 0.027444
0 0.248949 0.403424 0.030461 0.030458
0 0.221555 0.393653 0.019250 0.033472
0 0.204871 0.393313 0.017836 0.030208
0 0.196590 0.436896 0.029570 0.059986
0 0.179719 0.396799 0.020094 0.021569
0 0.709703 0.551840 0.060687 0.062014
0 0.955594 0.604542 0.060469 0.071000
