0 0.703902 0.503556 0.056852 0.056694
0 0.375680 0.514896 0.048687 0.057708
0 0.332414 0.481778 0.040516 0.052194
0 0.381785 0.478181 0.042633 0.039694
0 0.468566 0.419535 0.033492 0.032486
0 0.543164 0.458813 0.048719 0.045958
0 0.531895 0.584799 0.053789 0.071236
0 0.346895 0.402604 0.034414 0.025042
0 0.257789 0.478854 0.038328 0.049514
0 0.249270 0.446819 0.037023 0.035528
0 0.296937 0.417090 0.032109 0.029736
0 0.263523 0.414840 0.021625 0.030875
0 0.238461 0.403424 0.018672 0.025625
0 0.218965 0.407854 0.022273 0.025042
0 0.189645 0.393847 0.016711 0.022778
0 0.174410 0.397604 0.015727 0.025625
0 0.369398 0.587653 0.046719 0.076750
0 0.443539 0.502944 0.049437 0.066778
0 0.401004 0.677424 0.060992 0.114903
0 0.657918 0.699174 0.088586 0.113542
0 0.544996 0.502125 0.044727 0.050056
0 0.308668 0.521285 0.039961 0.057486
0 0.496848 0.628722 0.063961 0.102194
0 0.469133 0.445507 0.043922 0.036847
0 0.417070 0.432951 0.042734 0.032014
0 0.348258 0.423500 0.033234 0.017000
0 0.869242 0.924444 0.139641 0.151111
0 0.650879 0.573160 0.051320 0.038792
0 0.628617 0.510549 0.052250 0.047597
0 0.664832 0.963042 0.115664 0.073917
0 0.920125 0.651618 0.100234 0.102764
0 0.766156 0.642278 0.077375 0.085111
0 0.597602 0.826569 0.094047 0.139778
