0 0.429082 0.505965 0.047695 0.053236
0 0.510969 0.436597 0.115562 0.146806
0 0.347191 0.431437 0.034117 0.031681
0 0.224141 0.427708 0.037578 0.032361
0 0.218969 0.399965 0.036406 0.031181
0 0.451133 0.956944 0.124141 0.086111
0 0.198227 0.435986 0.025438 0.033528
0 0.866848 0.720812 0.096039 0.097514
0 0.620637 0.550562 0.052273 0.055542
0 0.267316 0.539250 0.040164 0.069194
0 0.502387 0.554028 0.049195 0.056472
0 0.240484 0.466326 0.041906 0.049708
0 0.659371 0.514181 0.059820 0.047861
0 0.745027 0.559569 0.055695 0.054778
0 0.289469 0.501903 0.037484 0.041806
0 0.560852 0.510090 0.048672 0.048569
0 0.393758 0.691528 0.064078 0.093444
0 0.779273 0.544736 0.044672 0.041694
0 0.734922 0.621604 0.068594 0.074042
0 0.206992 0.479792 0.033828 0.056250
0 0.368465 0.509049 0.046383 0.066292
0 0.437453 0.445972 0.036031 0.032472
